{
  "accessors": [
    {
      "bufferView": 2,
      "componentType": 5126,
      "count": 560,
      "max": [
        13.0,
        39.0,
        0.0
      ],
      "min": [
        -1.0,
        -1.0,
        0.0
      ],
      "type": "VEC3"
    },
    {
      "bufferView": 2,
      "byteOffset": 6720,
      "componentType": 5126,
      "count": 560,
      "max": [
        0.0,
        0.0,
        1.0
      ],
      "min": [
        0.0,
        0.0,
        1.0
      ],
      "type": "VEC3"
    },
    {
      "bufferView": 3,
      "componentType": 5126,
      "count": 560,
      "max": [
        0.0,
        1.0,
        0.0,
        1.0
      ],
      "min": [
        0.0,
        1.0,
        0.0,
        1.0
      ],
      "type": "VEC4"
    },
    {
      "bufferView": 1,
      "componentType": 5126,
      "count": 560,
      "max": [
        1.0,
        1.0
      ],
      "min": [
        0.0,
        0.0
      ],
      "type": "VEC2"
    },
    {
      "bufferView": 1,
      "byteOffset": 4480,
      "componentType": 5126,
      "count": 560,
      "max": [
        1.0,
        1.0
      ],
      "min": [
        0.0,
        0.0
      ],
      "type": "VEC2"
    },
    {
      "bufferView": 0,
      "componentType": 5125,
      "count": 840,
      "type": "SCALAR"
    }
  ],
  "asset": {
    "extras": {
      "author": "dpgb feat. Tom Trottel (https://sketchfab.com/dasparadoxon)",
      "license": "CC-BY-4.0 (http://creativecommons.org/licenses/by/4.0/)",
      "source": "https://sketchfab.com/3d-models/tileable-subway-wall-378849b0e72147c3b9267cf39dd25046",
      "title": "Tileable Subway Wall"
    },
    "generator": "Sketchfab-12.66.0",
    "version": "2.0"
  },
  "bufferViews": [
    {
      "buffer": 0,
      "byteLength": 3360,
      "name": "floatBufferViews",
      "target": 34963
    },
    {
      "buffer": 0,
      "byteLength": 8960,
      "byteOffset": 3360,
      "byteStride": 8,
      "name": "floatBufferViews",
      "target": 34962
    },
    {
      "buffer": 0,
      "byteLength": 13440,
      "byteOffset": 12320,
      "byteStride": 12,
      "name": "floatBufferViews",
      "target": 34962
    },
    {
      "buffer": 0,
      "byteLength": 8960,
      "byteOffset": 25760,
      "byteStride": 16,
      "name": "floatBufferViews",
      "target": 34962
    }
  ],
  "buffers": [
    {
      "byteLength": 34720,
      "uri": "scene.bin"
    }
  ],
  "images": [
    {
      "uri": "textures/Material.003_baseColor.png"
    },
    {
      "uri": "textures/Material.003_normal.png"
    }
  ],
  "materials": [
    {
      "doubleSided": true,
      "name": "Material.003",
      "normalTexture": {
        "index": 1
      },
      "pbrMetallicRoughness": {
        "baseColorTexture": {
          "index": 0
        },
        "metallicFactor": 0.0,
        "roughnessFactor": 0.6
      }
    }
  ],
  "meshes": [
    {
      "name": "LQ_0",
      "primitives": [
        {
          "attributes": {
            "NORMAL": 1,
            "POSITION": 0,
            "TANGENT": 2,
            "TEXCOORD_0": 3,
            "TEXCOORD_1": 4
          },
          "indices": 5,
          "material": 0,
          "mode": 4
        }
      ]
    }
  ],
  "nodes": [
    {
      "children": [
        1
      ],
      "matrix": [
        1.0,
        0.0,
        0.0,
        0.0,
        0.0,
        2.220446049250313e-16,
        -1.0,
        0.0,
        0.0,
        1.0,
        2.220446049250313e-16,
        0.0,
        0.0,
        0.0,
        0.0,
        1.0
      ],
      "name": "Sketchfab_model"
    },
    {
      "children": [
        2,
        4,
        6,
        8
      ],
      "name": "Root"
    },
    {
      "children": [
        3
      ],
      "matrix": [
        0.0,
        0.0,
        0.24326000000000003,
        0.0,
        -0.24326000000000003,
        0.0,
        0.0,
        0.0,
        -0.0,
        -0.24326000000000003,
        0.0,
        0.0,
        5.30726,
        4.690309999999999,
        2.85319,
        1.0
      ],
      "name": "LQ"
    },
    {
      "mesh": 0,
      "name": "LQ_0"
    },
    {
      "children": [
        5
      ],
      "matrix": [
        -0.29086000000000006,
        0.9551700000000001,
        -0.05519000000000001,
        0.0,
        -0.7711,
        -0.19988000000000003,
        0.6045200000000001,
        0.0,
        0.5663900000000001,
        0.21839000000000003,
        0.7946700000000001,
        0.0,
        -3.74445,
        2.56181,
        5.903860000000001,
        1.0
      ],
      "name": "Lamp"
    },
    {
      "name": "Lamp"
    },
    {
      "children": [
        7
      ],
      "matrix": [
        -0.29086000000000006,
        0.9551700000000001,
        -0.05519000000000001,
        0.0,
        -0.7711,
        -0.19988000000000003,
        0.6045200000000001,
        0.0,
        0.5663900000000001,
        0.21839000000000003,
        0.7946700000000001,
        0.0,
        2.6990499999999997,
        -0.97471,
        7.517399999999999,
        1.0
      ],
      "name": "Lamp.001"
    },
    {
      "name": "Lamp.001"
    },
    {
      "children": [
        9
      ],
      "matrix": [
        -0.29086000000000006,
        0.9551700000000001,
        -0.05519000000000001,
        0.0,
        -0.7711,
        -0.19988000000000003,
        0.6045200000000001,
        0.0,
        0.5663900000000001,
        0.21839000000000003,
        0.7946700000000001,
        0.0,
        4.53214,
        -3.2181800000000003,
        4.31197,
        1.0
      ],
      "name": "Lamp.002"
    },
    {
      "name": "Lamp.002"
    }
  ],
  "samplers": [
    {
      "magFilter": 9729,
      "minFilter": 9987,
      "wrapS": 10497,
      "wrapT": 10497
    }
  ],
  "scene": 0,
  "scenes": [
    {
      "name": "Sketchfab_Scene",
      "nodes": [
        0
      ]
    }
  ],
  "textures": [
    {
      "sampler": 0,
      "source": 0
    },
    {
      "sampler": 0,
      "source": 1
    }
  ]
}
